30
13
84
84
30
1974
1986
13h30
100
110
133
100
5
13h30
100
2002
2003
142
2003
11
2004
13
11
142
22
8
33
11
11
2004
13
11
142
300
000
18
22
8
33
11
13
11
142
2003
5
8
2003
22
500
12
11
1
2
500
12
15
11
1
2
1999
10
1999
2003
81
7
15
17
1999
2003
14
14
70
81
7
10
000
10
000
21
15
14
10
000
10
000
21
15
5
14
10
80
10
000
81
10
80
10
000
430
4
15
15
29
10
000
4
15
15
29
518
528
4x4
15
453
5
15
15
29
5e
620
12h30
22
6
15
29
6e
41
15
453
5
15
11h30
18
48
19
70
000
22
6
15
29
6e
453
5
15
21h37
84
26
1978
48
21h37
18
6
15
10
19
1978
2005
1978
100
000
100
000
48
06h35
81
7
22
18
18
1996
200
5
10h
12h30
13h
800
000
1990
18
21h37
800
000
34
1990
18
2
000
130
21h37
800
000
1990
18
1
4
115
18
60
550
60ème
1
700
2
4
18
1
4
115
60
3
4
1
700
18
2
4
1
4
115
60
2003
4
4
115
40
50
18
3
4
2
4
1
4
115
30
100
100
24
11
11
4
4
115
3
4
2
4
6
49
100
11
11
4
4
115
3
4
2
4
49
100
11
11
4
4
115
3
4
2
4
115
10
24h
115
17h50
78
40
14
13
115
17h50
40
19
66
115
17h50
40
2001
11
1992
19
66
115
17h50
40
73
442
56
40
30
38
60
20
500
000
7
38
60
30
20
24
15
73
442
500
000
7
23
23
90
10
7
2003
30
7
7
10
7
2003
30
36
42
24
3
1997
5
3
2004
1997
50
28
17
1997
2001
1940
1945
20
000
70
15
33
37
22
41
58
12
1997
50
28
17
1997
2001
1940
1945
20
000
60e
60e
8
1945
1945
2005
60e
60
8
1945
60
64
3
60
70
60
2
5
50
23
2
5
39
2002
50
23
2
5
500
39
2002
500
6
500
11
2001
1872
52
10h00
6
500
2012
2012
11
2001
1872
52
200
2012
11
2001
1872
52
28
1984
2012
51
2005
1984
2012
2005
1984
38
25
20
000
38
25
9ème
2005
9ème
2005
2003
33
8
22
24
2003
500
21
47
61
6
62
8
24
1974
48
61
6
62
8
1er
48
61
6
62
8
2000
54
6
16
17
2000
2000
16
17
2000
1995
1984
32
1995
18
40
1984
3e
18
40
32
10
32
10
2007
2013
25
46
7
1989
1997
25
2007
2013
25
24
25
46
7
1989
1997
25
21
28
850
2007
2013
25
28
28
2006
28
2008
100
000
2006
2008
60
1964
100
000
2006
61
2008
60
1964
2008
61
31
60
1964
31
61
60
1964
1991
200
200ème
84
2
31
61
60
1964
35
200ème
1991
1989
1979
35
200ème
8
1989
1979
35
200ème
8
8
1989
8
2012
117ème
2012
13h30
2012
8
8
2012
2012
1908
1948
8
8
8
11
2004
185
50
700
11
27
50
50
50
700
11
9
50
700
50
700
27
20
000
20
11
9
52
10e
8
000
52
52
56
52
60e
34
34
3
000
8
500
20
11
20
000
2001
2e
4
10e
8
000
52
56
52
20
20
000
19
30
52
2001
24
2e
24
13
14
3
2001
7
174
24
2e
7
24
13
7
174
4
14
20
24
13
2004
4
1982
71
7
8000
11
000
1982
71
20
000
11
33
20
000
11
3
6
175
33
7
3
7
700
1991
3
6
83
83
110
25
28
7
7
75
000
700
1991
88
34
7
2004
88
110
7
64
88
130
28
3
5
88
110
64
21
88
130
28
3
5
88
110
21
64
17
1997
21
800
2e
64
21
4e
1970
3
600
1997
7
31
56
21
800
800
2e
4e
21
7
1970
3
600
1997
3
21
7
21
18
18
7
31
56
800
800
21
2e
21
20
7
4e
18
1970
3
600
1997
3
21
7
21
920
7
800
27
84
84
21
21
20
7
4e
920
3
21
7
84
21
84
27
84
358
297
12
22
43
600
40
2004
269
2005
84
2
21
11
358
297
12
22
43
600
40
2004
269
2005
24
24
4
19
340
21
11
358
297
12
22
43
600
190m
60
55
000
140
000
6
1945
4
19
340
21
11
600
72
23
7
59
2003
50
13
42
23
13
3
60
55
000
140
000
6
1945
3h
4
19
600
72
21
7
59
2003
13
3
60
2003
124
7
65
72
15
2005
3
2004
2
68
124
7
21
55
000
11
2001
15
15
200
000
2005
3
2004
2
68
121
737
600
000
7
21
11
2001
55
000
15
15
200
000
2005
3
2004
2
68
48
737
121
121
737
29
600
000
7
21
11
2001
55
000
15
15
200
000
2005
3
7
2
56
500
55
000
405
000
20e
737
552
552
9h37
737
82
82
152
46
000
152
55
000
152
82
160
737
121
7
2
56
200
000
552
22
26
000
160
152
160
82
350
350
55
000
152
82
160
737
121
552
75
152
26
000
160
152
22
82
55
000
350
152
400
000
14
26
000
160
152
55
000
350
152
700
000
193
3
14
250
400
000
14
26
000
160
152
55
000
350
152
14
3
3
8
118
737
2008
55
000
400
000
700
000
21
2
000
14
3
11
3
000
88
2008
118
737
55
000
700
000
52
737
200
37
52
3
776
2
500
2
000
11
3
000
88
3
14
2008
700
000
7
18
59
737
200
39
59
3
776
2
000
11
2008
7
14
18
59
737
200
39
59
3
776
2008
7
14
18
59
737
200
39
59
3
776
2008
70
3
185
7
07
7
18
59
737
200
39
59
3
776
2008
4
1969
7
82
82
15
2
7
70
7
07
59
54
82
82
15
2
7
70
7
07
59
90
600
82
82
15
2
7
70
7
07
59
1er
2004
1
200
82
82
2
300
000
52
7
2001
331
1er
2004
1
200
82
82
2
10
000
10
000
300
000
52
7
331
2001
1er
2004
1
200
82
10
000
331
10
000
300
000
52
7
331
2001
1er
2004
1
200
82
331
42
000
59
10
000
300
000
52
7
331
2001
1er
2004
1
200
82
42
000
42
000
59
331
10
000
29
10
32
32
42
000
10
000
52
10
42
000
25
000
80
10
000
10
000
8
141
25
000
10
000
11
4ème
2001
11
2005
11
1967
141
25
000
10
000
38
2001
140
170
38
29
509
120
513
38
29
509
1
5
2
140
2
150
60ème
700
700
513
38
29
509
1969
2002
130
18
170
2
150
60ème
11
700
1969
2002
130
18
170
2
150
60ème
11
700
62
20
1969
2002
130
18
170
11
700
35
2
225
33
9
222
50
2
2002
96
1945
35
2
225
33
9
222
50
2
2002
4
5
96
150
000
80
000
96
1945
140
265
96
96
1945
4
5
4
1er
1er
125
140
96
96
1945
4
5
30
150
17
24
24
4
1er
1er
125
140
2006
2003
2006
150
000
5
3
2006
97
4
100
99
124
7
000
5
3
97
4
7
000
100
99
124
5
3
26
2002
202
2
97
4
7
000
100
99
124
5
3
60
25
22
100
5
60
135
131
2
3000
3
000
69
135
131
60
2
160
100
000
3000
3
000
2005
2001
200
217
11
2001
3000
160
1000
7
6
150
275
278
2005
11
2001
3000
160
20
000
19
136
583
30
000
20
000
2000
1400
2005
11
2001
3000
160
30
40
000
30
40
000
20
000
20
000
19
000
652
1
400
100
2000
1400
2005
24
40
000
2006
652
3
5
770
30
40
000
30
40
000
2000
23
000
23
000
2006
40
000
652
3
5
770
30
40
000
2000
5
5
105
23
000
51
000
2
5
23
000
2006
23
000
40
000
30
40
000
2000
8
5
5
105
23
000
51
000
2
5
23
000
2006
23
000
40
000
61
20
61
40
000
5
1
80
30
8
61
8
105
54
000
54
000
80
000
70
20
5
1
80
30
8
61
8
105
28
143
1982
45
2004
143
1982
42
000
5
54
000
61
45
28
143
1982
143
1982
8
48
000
2004
54
000
54
000
5
8
3
18
14
8
28
19
4
18
38
000
2
53
182
75
146
737
116
14
8
28
19
4
18
38
000
200
7
2
53
182
75
146
737
117
53
182
75
146
14
15
18
61
4
17
92
1955
7
26
92
1955
4
15
18
25
26
4
25
4
25
4
61
188
100
2002
100
100
55
25
4
61
210
100
500
6000
24
24
61
210
100
24
24
100
24
24
100
3e
10
24
3e
10
40
000
64
24
3e
10
20
40
000
64
24
50
64
125
20
3e
10
18
50
64
125
20
3e
10
18
3e
56
56
93
90
1997
18
3e
90
8
56
56
59
2
40
8
2006
57
200
000
57
56
56
31
57
2006
6
200
000
31
57
2006
1995
47
31
2006
65
65
80
65
30
1995
47
2006
5
4
8
2
70
73
85
65
30
1995
47
200
5
4
8
30
2
70
73
85
65
30
1995
200
5
4
8
2
70
73
85
30
200
2
70
30
200
2
70
30
24h
24
23h
24
24
58
200
2
70
30
24h
24
23h
24
24
2
70
5
7
24h
24
23h
24
24
1967
68
5
7
24h
24
148
1982
152
16
2005
68
148
1982
5
22
152
16
2005
2006
23
148
1982
5
22
152
16
2005
57
1976
2002
2005
1995
2006
0
7
2015
2002
2005
8
1976
1976
1995
23
2002
2005
0
7
2015
2012
8
1976
1976
1995
49
8
0
7
2015
2012
1976
846
100
11
2001
7
5
1976
116
846
11
2001
1976
8
1980
21
108
39
40
39
105
117
4
116
116
1994
46
2e
40
30
30
6
8
105
117
4
116
2e
6
5
70
000
46
40
30
30
6
8
105
117
4
116
2
1984
6
5
6
7
46
30
105
116
275
26
2007
2013
26
26
2
1984
30
105
26
26
10
5
2007
2013
2008
2009
2004
7
2005
70
26
26
26
1ères
26
40
3
6
46
10
5
2007
2013
2008
2009
2004
7
2005
28
26
28
2005
28
25
22
22
2005
1994
10
7
000
6
22
22
25
2005
26
2004
230
000
26
2004
9
3
3
29
3ème
3ème
2004
426
5
41
9
000
7
000
2006
22
300
26
2004
7h58
26
2004
9
3
3
2004
426
3ème
3ème
29
5
2
400
24
2
300
3
3ème
5
5
2
400
24
2
300
3
3ème
5
2002
2
400
5
2
3
2003
2002
5
2
400
5
2
3
1er
2006
2003
2002
5
2
400
5
2
3
11
34
2006
1er
12
1987
2001
2006
14
2006
78
24
12
1987
2001
2006
1999
14
120
120
14
140
48
12
14
24h
24
10
120
12
25
48
1981
19
2000
70
1981
2000
1979
2004
60
13
100
40
000
15
4x4
13e
362
362
1981
2000
1979
2004
60
13
100
40
000
15
12
1981
4x4
13e
362
362
1981
2000
1979
2004
25
12
1981
4x4
13e
362
362
1981
2000
1979
2004
54
25
362
1980
76
160
54
25
362
3e
1980
76
160
54
4e
2004
1980
76
3e
160
125
125
76
2004
1980
76
61
1999
2
7
1981
30°c
125
146
29
25
76
52
1er
2
7
1981
30°c
125
146
29
1974
25
2
300
18
1974
25
2
1972
18
1974
2
9
2004
1972
18
1974
2
76
43
9
2004
1972
183
76
43
9
2004
1972
66
66
151
500
12
66
8
463
72
183
76
43
140
66
66
141
8
463
72
8
463
140
66
141
8
463
72
21
1986
8
463
140
66
141
48
21
1986
8
463
140
66
141
183
183
2004
2005
48
21
1986
8
463
140
98
378
185
185
1
2
3
9
21
30
39
50
1
3
183
573
077
88
2004
2005
48
46
20
2000
800
98
98
378
1
2
3
9
21
30
39
50
1
3
183
573
077
73
73
400
11
09
11
46
20
2000
800
800
98
98
400
73
73
400
1
2
3
3
5
20
11
98
195
794
73
1
2
3
2005
11
98
195
794
30
2005
11
9
30
7
30
30
63
161
49
6
128
4
4
30
48
73
150
68
1947
128
4
50
48
73
150
68
1947
2007
50
48
73
51
15
2004
76
50
2007
25
200
1
500
2004
76
50
25
10
200
1500
2004
76
50
25
16
11
25
400
2
3
1998
16
11
542
48
747
973
48
550
2
3
1996
48h
48
747
973
48
550
2
3
4
23
2002
25
40
36
58
47
47
31
1996
48h
48
747
973
48
550
50
73
16
4
23
2002
58
58
48h
1er
19
16
4
23
2002
58
58
48h
1er
19
16
4
23
2002
58
58
48h
24
26
25
19
1er
4
58
27
27
24
19
2001
5
19
1
24
19
37
22
2004
42
125
000
2001
5
19
1
a
après
au
aux
avec
ce
d
dans
de
des
du
en
est
et
il
l
la
le
les
ont
par
pas
plus
pour
que
qui
s
se
son
sur
un
une
à
été
